0 34 33 43 44 31 5 3 6 37
34 0 6 22 43 27 26 37 15 24
33 6 0 1 42 5 1 30 30 49
43 22 1 0 27 45 46 5 5 45
44 43 42 27 0 21 31 34 34 37
31 27 5 45 21 0 21 40 44 27
5 26 1 46 31 21 0 9 2 40
3 37 30 5 34 40 9 0 36 24
6 15 30 5 34 44 2 36 0 34
37 24 49 45 37 27 40 24 34 0
