0 27 38 27 1 7 27 20 32 43 
27 0 6 17 9 33 24 40 37 29 
38 6 0 12 30 29 33 5 20 42 
27 17 12 0 14 19 7 36 47 16 
1 9 30 14 0 49 2 46 49 46 
7 33 29 19 49 0 40 27 19 31 
27 24 33 7 2 40 0 14 30 8 
20 40 5 36 46 27 14 0 17 17 
32 37 20 47 49 19 30 17 0 46 
43 29 42 16 46 31 8 17 46 0 
