0 7 9 41 44 27 42 29 20 4 
7 0 19 12 19 23 1 48 37 6 
9 19 0 40 42 46 4 37 8 1 
41 12 40 0 14 10 48 45 20 4 
44 19 42 14 0 12 24 28 5 16 
27 23 46 10 12 0 22 30 49 31 
42 1 4 48 24 22 0 14 24 32 
29 48 37 45 28 30 14 0 28 45 
20 37 8 20 5 49 24 28 0 22 
4 6 1 4 16 31 32 45 22 0 
