0 39 10 43 21 4 2 23 13 40 
39 0 27 30 24 9 25 10 15 47 
10 27 0 4 3 39 26 35 28 8 
43 30 4 0 12 29 18 26 9 48 
21 24 3 12 0 11 35 19 9 32 
4 9 39 29 11 0 24 33 46 26 
2 25 26 18 35 24 0 40 28 28 
23 10 35 26 19 33 40 0 4 49 
13 15 28 9 9 46 28 4 0 30 
40 47 8 48 32 26 28 49 30 0 
