0 49 34 21 43 36 7 42 43 9 
49 0 6 7 46 41 34 37 5 37 
34 6 0 36 26 33 18 3 25 17 
21 7 36 0 28 9 31 46 19 19 
43 46 26 28 0 6 21 26 2 21 
36 41 33 9 6 0 24 8 20 27 
7 34 18 31 21 24 0 29 41 8 
42 37 3 46 26 8 29 0 34 37 
43 5 25 19 2 20 41 34 0 11 
9 37 17 19 21 27 8 37 11 0 
