0 25 10 8 31 14 5 49 26 22 
25 0 19 25 27 2 18 33 39 47 
10 19 0 38 16 15 31 9 29 28 
8 25 38 0 34 14 10 15 19 42 
31 27 16 34 0 28 26 20 6 9 
14 2 15 14 28 0 4 37 14 45 
5 18 31 10 26 4 0 24 11 29 
49 33 9 15 20 37 24 0 25 49 
26 39 29 19 6 14 11 25 0 27 
22 47 28 42 9 45 29 49 27 0 
