0 29 2 36 19 20 22 21 41 12 
29 0 13 41 18 27 49 17 11 46 
2 13 0 40 6 47 39 11 14 12 
36 41 40 0 38 40 17 30 32 17 
19 18 6 38 0 44 4 7 4 33 
20 27 47 40 44 0 33 7 27 32 
22 49 39 17 4 33 0 20 3 20 
21 17 11 30 7 7 20 0 7 5 
41 11 14 32 4 27 3 7 0 34 
12 46 12 17 33 32 20 5 34 0 
