0 37 47 9 34 19 7 29 1 34 
37 0 40 30 4 49 17 42 1 39 
47 40 0 37 19 4 36 10 36 20 
9 30 37 0 17 4 17 11 17 32 
34 4 19 17 0 20 30 39 15 6 
19 49 4 4 20 0 41 25 4 27 
7 17 36 17 30 41 0 6 18 21 
29 42 10 11 39 25 6 0 44 16 
1 1 36 17 15 4 18 44 0 14 
34 39 20 32 6 27 21 16 14 0 
