0 43 16 21 15 39 37 4 43 49 
43 0 46 6 48 26 8 23 7 32 
16 46 0 7 36 48 14 19 28 42 
21 6 7 0 40 44 49 8 38 17 
15 48 36 40 0 12 16 7 42 21 
39 26 48 44 12 0 20 21 10 26 
37 8 14 49 16 20 0 1 37 44 
4 23 19 8 7 21 1 0 30 45 
43 7 28 38 42 10 37 30 0 45 
49 32 42 17 21 26 44 45 45 0 
