0 47 37 1 16 6 12 36 32 38 
47 0 11 46 31 42 2 49 8 15 
37 11 0 18 15 35 16 17 23 25 
1 46 18 0 16 30 25 20 49 24 
16 31 15 16 0 18 10 24 40 23 
6 42 35 30 18 0 39 25 47 12 
12 2 16 25 10 39 0 20 46 19 
36 49 17 20 24 25 20 0 40 33 
32 8 23 49 40 47 46 40 0 26 
38 15 25 24 23 12 19 33 26 0 
