0 16 12 20 3 45 37 45 43 34 
16 0 36 8 2 46 43 29 6 16 
12 36 0 43 13 7 25 9 37 10 
20 8 43 0 6 9 26 49 8 33 
3 2 13 6 0 24 48 47 3 43 
45 46 7 9 24 0 22 3 46 25 
37 43 25 26 48 22 0 35 22 12 
45 29 9 49 47 3 35 0 27 3 
43 6 37 8 3 46 22 27 0 17 
34 16 10 33 43 25 12 3 17 0 
