0 44 20 28 34 41 29 42 23 2 
44 0 28 24 10 33 24 41 11 37 
20 28 0 28 38 17 18 36 31 16 
28 24 28 0 13 13 6 2 7 27 
34 10 38 13 0 27 21 44 11 16 
41 33 17 13 27 0 23 13 25 20 
29 24 18 6 21 23 0 33 2 23 
42 41 36 2 44 13 33 0 3 15 
23 11 31 7 11 25 2 3 0 45 
2 37 16 27 16 20 23 15 45 0 
